0
0
0
1
1
3
4
4
7
7
8
9
13
15
19
19
20
21
21
22
24
26
26
27
28
29
29
29
30
31
33
35
36
37
37
39
39
41
41
42
43
43
44
46
47
48
48
48
49
52
52
53
54
55
55
56
57
57
57
60
61
61
61
62
62
62
63
64
64
64
65
65
68
70
71
73
74
74
75
76
76
76
79
80
81
82
82
82
83
85
87
89
90
92
93
93
93
93
94
94
96
97
98
100
102
103
103
103
104
106
107
108
108
108
109
109
112
112
113
113
113
116
117
118
118
120
122
122
123
124
124
124
126
126
127
127
127
128
129
130
131
131
133
135
136
136
136
137
137
137
138
139
139
139
142
144
144
145
147
151
152
153
153
154
154
154
154
156
156
156
156
158
159
159
161
162
162
163
163
164
165
166
167
167
167
169
170
170
170
171
171
171
171
172
173
174
177
179
179
181
182
183
183
183
184
184
185
187
187
188
189
189
191
191
192
194
194
197
198
198
199
200
200
200
200
201
201
201
202
203
204
205
205
206
207
207
211
211
212
214
215
215
216
216
218
218
219
223
223
224
224
227
228
231
232
233
234
235
237
237
238
240
241
243
243
246
247
247
248
249
249
251
252
253
255
255
256
257
258
258
259
260
260
260
261
261
262
262
262
262
263
263
264
265
268
268
269
270
271
271
271
273
277
277
278
278
278
279
281
282
283
284
284
285
288
288
290
291
293
294
294
295
295
296
297
298
299
299
304
304
304
305
306
307
309
310
312
312
313
316
316
318
318
318
319
320
320
321
322
322
322
322
323
323
324
324
325
325
327
328
329
330
330
332
333
333
334
335
336
337
338
339
340
343
344
344
345
346
347
347
347
348
348
348
349
350
350
350
354
357
357
358
358
358
358
359
360
360
362
362
363
363
366
366
366
366
367
367
367
369
370
373
373
374
375
376
377
377
378
381
386
387
387
387
388
390
390
392
392
392
393
394
395
395
396
398
399
400
402
403
404
406
406
406
408
408
408
409
409
410
410
410
411
412
412
414
415
416
417
420
421
422
423
423
423
423
424
427
429
430
431
431
433
436
437
442
443
443
443
444
444
444
445
446
447
447
448
448
448
449
450
452
452
453
455
456
456
457
458
459
460
461
461
461
462
464
465
469
471
472
472
472
473
474
477
478
483
484
484
484
485
485
486
486
486
487
488
489
490
490
491
491
492
493
493
496
499
500
501
502
504
504
505
505
507
507
507
508
508
511
512
512
513
513
514
514
514
517
518
520
522
524
525
526
527
527
529
532
534
537
537
537
539
539
539
539
540
543
543
543
543
552
554
555
555
556
559
562
563
568
569
570
570
570
572
573
573
574
574
578
578
579
581
583
584
585
587
587
589
590
596
597
599
603
603
604
605
605
606
607
609
610
611
612
612
613
614
620
621
621
621
622
622
624
624
626
630
630
631
632
632
637
638
640
641
642
646
646
647
649
649
650
650
651
651
652
656
656
658
659
659
661
661
661
663
664
665
665
667
667
674
675
676
679
679
679
683
683
685
685
686
688
688
688
689
690
690
690
691
692
693
694
695
696
696
696
700
700
700
700
700
700
703
703
704
704
704
704
705
711
711
712
712
715
716
716
718
719
720
720
722
723
724
725
726
727
729
730
730
730
732
733
733
734
734
736
737
737
737
738
740
742
742
744
745
745
745
746
746
747
747
749
749
749
750
751
751
754
755
755
755
755
756
757
757
759
759
763
764
764
764
765
766
766
767
768
771
773
774
775
775
776
777
777
778
780
781
782
783
785
785
786
787
789
793
793
794
794
794
797
798
800
800
801
802
804
805
805
805
806
806
806
807
808
810
811
813
816
817
817
818
819
820
821
827
827
829
829
830
830
832
832
834
835
835
836
836
838
839
842
842
843
843
845
845
847
850
850
850
850
854
855
857
858
861
861
861
863
863
864
864
864
865
865
866
866
868
868
868
869
870
870
871
871
873
875
875
878
878
884
884
884
886
886
887
887
887
888
888
888
889
889
890
893
893
894
895
895
897
897
897
897
898
898
899
902
903
903
904
910
911
912
914
914
915
916
917
918
919
920
921
922
922
923
925
925
926
927
927
929
929
930
932
934
935
937
938
938
938
938
938
939
941
941
942
943
944
944
945
946
947
951
952
953
954
956
956
957
957
959
960
960
960
963
966
967
968
969
970
970
971
971
971
974
976
977
978
978
979
980
980
982
985
985
986
987
988
988
990
992
996
997
998
999
999
1000
1000
1000
1000
1000
