3
740
821
673
362
583
225
909
626
268
620
254
280
480
253
60
125
976
263
17
154
163
282
208
888
954
725
722
855
431
929
73
534
489
220
267
125
904
700
845
500
718
506
939
441
363
35
277
108
214
482
10
689
112
33
494
319
428
123
921
221
732
573
24
816
163
775
995
418
532
778
235
7
470
350
846
873
68
429
631
101
788
972
478
94
946
666
569
586
608
790
545
748
443
832
579
600
423
216
710
14
614
886
858
632
477
849
635
206
633
460
551
836
259
847
831
503
283
142
727
946
28
711
589
552
648
934
392
874
449
117
25
937
495
232
590
308
2
394
791
643
811
370
508
75
403
585
193
654
231
857
204
754
263
96
539
399
871
436
378
769
193
136
257
209
93
187
357
969
530
935
190
982
676
120
4
220
352
70
535
306
694
358
360
211
450
301
343
468
411
679
699
291
50
729
482
667
336
406
527
803
808
312
723
564
442
911
887
498
536
746
305
422
880
411
767
616
636
796
598
65
962
501
85
422
593
295
796
928
177
939
576
615
781
545
446
888
132
727
819
57
394
524
862
205
655
504
477
365
536
472
482
812
363
856
329
990
902
722
567
122
868
686
822
279
325
977
443
934
334
829
831
840
329
368
597
35
930
986
429
594
226
103
228
108
701
187
337
62
815
122
420
69
652
989
430
986
850
16
764
403
687
296
563
224
639
905
821
639
718
156
212
423
467
494
698
524
167
116
541
970
296
70
149
866
38
925
934
304
260
379
442
436
475
61
45
948
197
725
347
532
498
164
304
790
958
686
583
103
197
634
14
764
600
432
573
47
970
125
466
290
338
339
833
200
597
841
76
8
168
861
993
561
47
93
274
432
960
590
993
170
989
316
671
251
615
781
238
702
4
296
21
125
766
348
735
514
94
432
586
453
944
642
429
196
692
1000
506
787
768
3
3
696
639
226
123
534
828
179
984
520
862
879
943
205
488
683
331
876
998
304
348
419
204
614
100
766
587
331
1000
895
286
617
548
387
843
435
69
11
712
4
819
18
81
463
336
865
787
556
111
396
870
422
7
370
670
878
591
778
61
665
89
258
218
780
247
361
422
703
963
630
151
647
12
165
461
789
538
450
692
773
373
452
428
238
514
621
67
550
390
241
856
626
279
257
626
73
947
218
857
443
226
63
374
742
295
652
333
564
88
311
79
793
819
319
654
422
996
300
227
426
482
580
27
10
906
470
76
308
833
496
954
304
979
720
848
408
423
926
306
736
53
231
240
894
603
54
739
841
541
479
63
680
447
465
74
526
31
39
625
27
398
776
367
150
643
422
552
216
923
743
747
165
450
685
136
619
931
471
318
566
492
851
136
515
254
790
213
930
14
114
55
914
744
272
224
530
200
281
326
671
617
390
759
765
699
342
3
711
100
301
731
300
128
552
205
598
403
231
528
932
228
516
148
532
208
109
260
958
707
772
973
218
335
882
356
529
208
428
298
626
571
935
167
2
717
841
876
623
140
240
409
144
166
228
80
589
839
361
47
313
812
889
612
460
745
361
539
800
821
460
321
72
560
728
983
525
808
903
657
615
648
88
295
573
104
783
628
405
562
903
442
891
156
480
405
361
694
761
965
197
516
958
676
373
376
941
586
207
136
852
404
923
930
290
704
954
719
363
872
548
348
397
498
154
913
502
860
651
787
552
531
170
846
201
895
463
998
864
538
820
578
9
109
522
295
912
203
216
675
621
468
619
336
168
598
78
32
522
807
925
548
180
189
139
690
843
202
345
50
295
772
100
800
753
629
863
818
468
255
798
214
731
423
607
644
525
122
59
550
825
257
309
240
612
552
958
234
304
269
550
227
334
402
532
444
679
333
21
329
747
73
859
385
661
215
150
781
58
88
549
989
749
378
973
618
37
778
828
347
307
993
825
971
617
260
248
575
368
295
698
128
917
144
785
277
354
597
135
514
901
525
858
687
366
864
775
157
252
188
447
531
212
528
754
609
838
786
717
654
149
105
568
138
290
870
215
801
106
599
16
949
480
252
994
480
469
253
990
293
216
254
875
590
483
502
65
727
908
826
983
577
881
55
373
969
308
734
356
357
909
86
799
527
203
246
322
854
751
629
937
456
736
876
111
559
831
372
901
125
43
69
180
524
822
108
684
185
657
420
642
694
670
918
379
204
618
82
144
9
562
330
902
56
991
282
878
31
499
859
465
389
149
70
223
854
908
19
147
652
663
19
908
28
364
328
708
549
400
189
383
675
185
454
387
845
283
374
962
786
