2
2
3
3
4
5
6
8
8
10
12
15
19
21
24
25
26
27
29
30
30
32
32
33
34
39
41
42
42
42
45
46
46
48
48
50
50
52
52
55
55
55
57
58
58
60
61
61
62
62
63
63
64
69
70
74
75
76
77
77
78
78
80
81
83
85
85
85
86
86
87
87
88
89
90
92
93
93
94
94
96
96
96
98
100
100
100
101
103
104
104
105
106
107
107
108
108
108
108
109
110
110
110
115
116
117
117
117
117
118
120
122
124
125
126
126
127
127
128
131
133
134
134
135
135
136
136
136
139
140
141
143
144
145
146
147
149
149
150
152
152
152
152
155
156
157
157
159
159
160
161
161
162
163
163
167
170
170
171
172
173
173
174
175
175
176
177
177
178
178
180
180
182
182
183
184
185
188
188
189
189
189
189
190
191
193
194
194
194
196
197
197
197
197
197
199
200
201
201
202
202
203
203
203
206
206
207
207
207
207
209
210
214
216
217
219
222
222
223
223
224
224
224
225
226
228
228
229
230
231
233
234
235
238
239
240
241
241
242
242
243
244
247
248
248
250
251
253
254
254
258
259
259
260
261
263
263
264
264
264
265
266
268
268
268
269
269
271
275
275
276
277
278
281
284
287
287
291
294
296
296
296
296
297
298
302
302
302
303
304
304
305
308
308
309
311
313
314
315
317
317
317
317
318
319
319
319
319
320
320
320
321
321
322
324
325
325
325
327
328
328
329
330
331
332
334
335
337
337
338
339
339
341
342
343
346
346
347
348
349
352
352
353
353
356
359
360
364
366
367
367
369
369
371
372
375
375
375
376
377
378
379
379
382
385
385
385
386
386
387
388
390
391
393
393
393
394
394
395
395
395
396
397
397
399
399
400
401
402
402
403
404
404
404
405
407
407
407
410
410
412
413
413
415
416
416
416
417
417
418
420
420
421
421
422
423
423
423
424
425
426
426
427
431
432
432
433
434
434
434
437
438
438
441
441
441
441
441
441
442
442
443
445
445
446
447
447
447
448
448
450
451
454
454
455
456
456
458
460
460
460
462
462
462
463
463
465
466
467
469
470
471
471
472
472
474
476
476
477
478
478
479
480
481
482
482
483
484
485
487
488
489
490
490
492
493
493
494
494
494
495
496
497
498
500
500
503
503
504
506
507
507
508
509
509
513
513
515
515
518
519
520
520
522
523
524
524
525
526
528
529
530
530
532
533
534
534
534
535
535
540
540
540
541
542
543
545
546
546
548
548
549
549
550
551
552
553
554
554
555
555
557
558
558
559
559
560
561
562
562
562
562
563
563
564
565
569
570
571
574
576
577
577
579
580
582
583
583
584
585
585
586
588
588
590
590
590
592
593
593
593
594
594
594
594
595
595
595
596
597
598
599
599
601
602
603
604
604
605
606
609
610
612
616
617
621
623
623
626
627
629
630
633
633
634
634
635
636
637
637
637
639
640
642
644
644
644
645
645
645
645
646
649
650
650
652
654
655
658
659
660
661
663
663
665
665
665
665
666
666
667
667
668
669
670
672
673
673
673
675
675
675
676
677
677
678
680
680
681
682
683
683
683
684
685
685
685
687
689
690
690
690
691
691
691
695
697
700
702
702
705
706
707
707
708
708
710
711
713
714
714
716
722
722
723
723
724
724
725
727
727
727
728
730
731
732
732
733
735
736
736
740
741
741
741
742
742
743
743
745
747
748
748
748
749
751
752
752
753
753
755
755
756
756
756
758
760
760
761
761
763
764
764
765
767
768
769
770
771
772
772
773
773
774
777
777
777
778
779
781
782
782
783
784
785
786
786
787
790
791
791
792
792
793
794
794
795
797
800
801
803
803
804
804
806
806
807
807
808
809
810
811
811
812
813
813
813
813
814
815
819
820
822
825
826
830
830
832
832
834
834
836
836
836
838
838
839
842
843
844
844
845
846
848
848
849
851
852
852
853
853
854
854
854
856
860
862
862
863
864
865
866
866
867
867
869
869
871
872
877
877
877
878
878
878
879
879
880
882
882
882
882
882
887
888
889
889
891
892
892
893
893
893
894
894
895
895
896
897
897
897
897
898
899
900
904
905
905
909
914
915
915
916
918
919
921
922
922
922
923
924
925
925
926
926
928
929
934
935
936
939
940
940
941
944
944
949
949
950
951
952
953
955
956
957
958
960
960
961
962
962
963
964
964
965
965
965
965
966
966
966
967
968
969
971
974
974
978
979
979
979
980
980
981
982
982
982
983
983
987
988
989
990
991
992
995
996
997
997
999